                         R0000100               AGE19             PIB16          Hispanic             White             Black            AIndian Asian
nbr.val          424.000000000000   424.0000000000000 424.0000000000000 424.0000000000000 424.0000000000000 424.0000000000000 424.00000000000000   424
nbr.null           0.000000000000     0.0000000000000 366.0000000000000 335.0000000000000 267.0000000000000 191.0000000000000 422.00000000000000   424
nbr.na             0.000000000000     0.0000000000000   0.0000000000000   0.0000000000000   0.0000000000000   0.0000000000000   0.00000000000000     0
min               22.000000000000    34.0000000000000   0.0000000000000   0.0000000000000   0.0000000000000   0.0000000000000   0.00000000000000     0
max             9019.000000000000    39.0000000000000   1.0000000000000   1.0000000000000   1.0000000000000   1.0000000000000   1.00000000000000     0
range           8997.000000000000     5.0000000000000   1.0000000000000   1.0000000000000   1.0000000000000   1.0000000000000   1.00000000000000     0
sum          2925020.000000000000 15585.0000000000000  58.0000000000000  89.0000000000000 157.0000000000000 233.0000000000000   2.00000000000000     0
median          8000.500000000000    37.0000000000000   0.0000000000000   0.0000000000000   0.0000000000000   1.0000000000000   0.00000000000000     0
mean            6898.632075471698    36.7570754716981   0.1367924528302   0.2099056603774   0.3702830188679   0.5495283018868   0.00471698113208     0
SE.mean          115.029173623044     0.0715423509833   0.0167077704264   0.0198007375104   0.0234784496936   0.0241912663896   0.00333146444810     0
CI.mean.0.95     226.099963206298     0.1406227865117   0.0328405930399   0.0389200920214   0.0461489589524   0.0475500628956   0.00654828653823     0
var          5610245.372585752979     2.1701625853071   0.1183594272715   0.1662373433249   0.2337247424060   0.2481321646817   0.00470582987644     0
std.dev         2368.595654092474     1.4731471702811   0.3440340495816   0.4077221398512   0.4834508686578   0.4981286627787   0.06859905157102     0
coef.var           0.343342800164     0.0400779210907   2.5150075348723   1.9424065988418   1.3056252758657   0.9064658927819  14.54299893305721   NaN
                         Other              Male            Sample             BBPHH              CC1Y              HT97                 HHNW97
nbr.val      424.0000000000000 424.0000000000000 424.0000000000000 424.0000000000000 424.0000000000000 424.0000000000000        424.00000000000
nbr.null     392.0000000000000  82.0000000000000   0.0000000000000 291.0000000000000 313.0000000000000 365.0000000000000          0.00000000000
nbr.na         0.0000000000000   0.0000000000000   0.0000000000000   0.0000000000000   0.0000000000000   0.0000000000000          0.00000000000
min            0.0000000000000   0.0000000000000   1.0000000000000   0.0000000000000   0.0000000000000   0.0000000000000    -102355.00000000000
max            1.0000000000000   1.0000000000000   2.0000000000000   1.0000000000000   1.0000000000000   1.0000000000000     451500.00000000000
range          1.0000000000000   1.0000000000000   1.0000000000000   1.0000000000000   1.0000000000000   1.0000000000000     553855.00000000000
sum           32.0000000000000 342.0000000000000 670.0000000000000 133.0000000000000 111.0000000000000  59.0000000000000   13407578.00000000000
median         0.0000000000000   1.0000000000000   2.0000000000000   0.0000000000000   0.0000000000000   0.0000000000000      10545.00000000000
mean           0.0754716981132   0.8066037735849   1.5801886792453   0.3136792452830   0.2617924528302   0.1391509433962      31621.64622641509
SE.mean        0.0128434583709   0.0192036569375   0.0239961470371   0.0225598534799   0.0213745813818   0.0168281509014       2600.13554298455
CI.mean.0.95   0.0252449476392   0.0377464776129   0.0471665386379   0.0443433772589   0.0420136206473   0.0330772114569       5110.79521901756
var            0.0699406753200   0.1563629064633   0.2441455907935   0.2157935233507   0.1937140372006   0.1200711450109 2866538852.96201896667
std.dev        0.2644629942356   0.3954274983651   0.4941109094055   0.4645358149279   0.4401295686506   0.3465128352759      53540.06773400664
coef.var       3.5041346736213   0.4902376003123   0.3126910829671   1.4809262069882   1.6812156496204   2.4901939348639          1.69314612372
                        BMEA97            BFEA97         RPHEALTH97            SSAS97           THAS97           PFAS97             LFS97
nbr.val       424.000000000000  424.000000000000  424.0000000000000 424.0000000000000 424.000000000000 424.000000000000  424.000000000000
nbr.null        0.000000000000    0.000000000000    0.0000000000000 306.0000000000000 310.000000000000 293.000000000000  221.000000000000
nbr.na          0.000000000000    0.000000000000    0.0000000000000   0.0000000000000   0.000000000000   0.000000000000    0.000000000000
min             2.000000000000    2.000000000000    1.0000000000000   0.0000000000000   0.000000000000   0.000000000000    0.000000000000
max            20.000000000000   20.000000000000    5.0000000000000  20.0000000000000  30.000000000000  50.000000000000   99.000000000000
range          18.000000000000   18.000000000000    4.0000000000000  20.0000000000000  30.000000000000  50.000000000000   99.000000000000
sum          4779.000000000000 4587.000000000000 1286.0000000000000 277.0000000000000 351.000000000000 488.000000000000 1944.000000000000
median         12.000000000000   12.000000000000    3.0000000000000   0.0000000000000   0.000000000000   0.000000000000    0.000000000000
mean           11.271226415094   10.818396226415    3.0330188679245   0.6533018867925   0.827830188679   1.150943396226    4.584905660377
SE.mean         0.122736633499    0.138553161710    0.0569424092911   0.0837516390474   0.123339852210   0.222841726200    0.636016554859
CI.mean.0.95    0.241249653841    0.272338431879    0.1119253163357   0.1646212166066   0.242435333300   0.438015022692    1.250146507385
var             6.387255229939    8.139518934832    1.3747937017708   2.9740789062848   6.450192916722  21.055176412864  171.515232615192
std.dev         2.527301966513    2.852984215665    1.1725159707956   1.7245517986668   2.539722999999   4.588591985878   13.096382424746
coef.var        0.224225995773    0.263716003366    0.3865838037460   2.6397471575261   3.067927498574   3.986809430353    2.856412627619
                        ABFS97            RTGAS97            RDFAS97             PPSM97             PPDR97            PPIG97             PPID97
nbr.val       424.000000000000  424.0000000000000  424.0000000000000  424.0000000000000  424.0000000000000 424.0000000000000  424.0000000000000
nbr.null       67.000000000000    0.0000000000000    0.0000000000000    0.0000000000000    0.0000000000000   0.0000000000000    0.0000000000000
nbr.na          0.000000000000    0.0000000000000    0.0000000000000    0.0000000000000    0.0000000000000   0.0000000000000    0.0000000000000
min             0.000000000000    1.0000000000000    1.0000000000000    1.0000000000000    1.0000000000000   1.0000000000000    1.0000000000000
max            99.000000000000    4.0000000000000    4.0000000000000    5.0000000000000    5.0000000000000   5.0000000000000    5.0000000000000
range          99.000000000000    3.0000000000000    3.0000000000000    4.0000000000000    4.0000000000000   4.0000000000000    4.0000000000000
sum          3860.000000000000 1141.0000000000000 1165.0000000000000 1295.0000000000000 1022.0000000000000 944.0000000000000 1133.0000000000000
median          4.000000000000    3.0000000000000    3.0000000000000    3.0000000000000    2.0000000000000   2.0000000000000    3.0000000000000
mean            9.103773584906    2.6910377358491    2.7476415094340    3.0542452830189    2.4103773584906   2.2264150943396    2.6721698113208
SE.mean         0.699501815461    0.0370747475688    0.0392283077263    0.0658517857292    0.0652069184373   0.0656190329178    0.0680863655723
CI.mean.0.95    1.374932373737    0.0728736788865    0.0771066908871    0.1294374797408    0.1281699363310   0.1289799836080    0.1338297430632
var           207.464382889513    0.5828036486908    0.6524766938757    1.8386580578973    1.8028234979259   1.8256835719702    1.9655593469825
std.dev        14.403623949878    0.7634157770775    0.8077602948126    1.3559712599821    1.3426926297280   1.3511785862610    1.4019840751529
coef.var        1.582159729209    0.2836882466966    0.2939831459232    0.4439627909130    0.5570466487326   0.6068852972189    0.5246612955559
                         PPHS97               JIJF NMI_B18           NMI_A18 NA_B18           NA_A18 B18_INCAF B18_ARREST B18_NOARREST
nbr.val       424.0000000000000 424.00000000000000     424  424.000000000000    424 424.000000000000       424        424          424
nbr.null        0.0000000000000 420.00000000000000     424  360.000000000000    424 257.000000000000       424        424            0
nbr.na          0.0000000000000   0.00000000000000       0    0.000000000000      0   0.000000000000         0          0            0
min             1.0000000000000   0.00000000000000       0    0.000000000000      0   0.000000000000         0          0            1
max             5.0000000000000   1.00000000000000       0  177.000000000000      0  68.000000000000         0          0            1
range           4.0000000000000   1.00000000000000       0  177.000000000000      0  68.000000000000         0          0            0
sum          1428.0000000000000   4.00000000000000       0 2114.000000000000      0 601.000000000000         0          0          424
median          3.0000000000000   0.00000000000000       0    0.000000000000      0   0.000000000000         0          0            1
mean            3.3679245283019   0.00943396226415       0    4.985849056604      0   1.417452830189         0          0            1
SE.mean         0.0678884010163   0.00470022448540       0    0.926258512709      0   0.204997865599         0          0            0
CI.mean.0.95    0.1334406263078   0.00923870484102       0    1.820642616535      0   0.402941344437         0          0            0
var             1.9541460368437   0.00936705473036       0  363.772848922789      0  17.818228957581         0          0            0
std.dev         1.3979077354546   0.09678354576250       0   19.072830123576      0   4.221164407789         0          0            0
coef.var        0.4150650418997  10.25905585082539     NaN    3.825392607567    NaN   2.977992860070       NaN        NaN            0
             Years_Till_Victim       VVictim_A18           Other_R           distance weights subclass
nbr.val       424.000000000000 424.0000000000000 424.0000000000000 424.00000000000000     424       NA
nbr.null        0.000000000000 371.0000000000000 390.0000000000000   0.00000000000000       0       NA
nbr.na          0.000000000000   0.0000000000000   0.0000000000000   0.00000000000000       0       NA
min             1.000000000000   0.0000000000000   0.0000000000000   0.00101359056007       1       NA
max            16.000000000000   1.0000000000000   1.0000000000000   0.98630550399014       1       NA
range          15.000000000000   1.0000000000000   1.0000000000000   0.98529191343007       0       NA
sum          5378.000000000000  53.0000000000000  34.0000000000000  27.32395276130330     424       NA
median         14.000000000000   0.0000000000000   0.0000000000000   0.03402498025462       1       NA
mean           12.683962264151   0.1250000000000   0.0801886792453   0.06444328481439       1       NA
SE.mean         0.163690320644   0.0160801038539   0.0132049183979   0.00434572660117       0       NA
CI.mean.0.95    0.321747729807   0.0316068591576   0.0259554291305   0.00854190805411       0       NA
var            11.360876934743   0.1096335697400   0.0739328248361   0.00800738402944       0       NA
std.dev         3.370589998019   0.3311096038172   0.2719059117343   0.08948398755892       0       NA
coef.var        0.265736362804   2.6488768305372   3.3908266639810   1.38856962081688       0       NA
