                         R0000100              AGE19             PIB16          Hispanic             White             Black            AIndian
nbr.val          106.000000000000  106.0000000000000 106.0000000000000 106.0000000000000 106.0000000000000 106.0000000000000 106.00000000000000
nbr.null           0.000000000000    0.0000000000000  93.0000000000000  86.0000000000000  54.0000000000000  62.0000000000000 105.00000000000000
nbr.na             0.000000000000    0.0000000000000   0.0000000000000   0.0000000000000   0.0000000000000   0.0000000000000   0.00000000000000
min              370.000000000000   34.0000000000000   0.0000000000000   0.0000000000000   0.0000000000000   0.0000000000000   0.00000000000000
max             8892.000000000000   39.0000000000000   1.0000000000000   1.0000000000000   1.0000000000000   1.0000000000000   1.00000000000000
range           8522.000000000000    5.0000000000000   1.0000000000000   1.0000000000000   1.0000000000000   1.0000000000000   1.00000000000000
sum           562877.000000000000 3820.0000000000000  13.0000000000000  20.0000000000000  52.0000000000000  44.0000000000000   1.00000000000000
median          5497.500000000000   36.0000000000000   0.0000000000000   0.0000000000000   0.0000000000000   0.0000000000000   0.00000000000000
mean            5310.160377358490   36.0377358490566   0.1226415094340   0.1886792452830   0.4905660377358   0.4150943396226   0.00943396226415
SE.mean          216.354643446041    0.1399040412392   0.0320119872782   0.0381824426970   0.0487863173984   0.0480863339497   0.00943396226415
CI.mean.0.95     428.991291581292    0.2774038698347   0.0634738573198   0.0757087305704   0.0967342552897   0.0953463174163   0.01870580446976
var          4961789.164510332048    2.0747529200359   0.1086253369272   0.1545372866128   0.2522911051213   0.2451033243486   0.00943396226415
std.dev         2227.507388205555    1.4404002638281   0.3295835810947   0.3931123078877   0.5022858798745   0.4950791091822   0.09712858623573
coef.var           0.419480247283    0.0399692219806   2.6873738150801   2.0834952318046   1.0238904474365   1.1926905812116  10.29563014098700
                         Asian             Other              Male            Sample             BBPHH              CC1Y              HT97
nbr.val      106.0000000000000 106.0000000000000 106.0000000000000 106.0000000000000 106.0000000000000 106.0000000000000 106.0000000000000
nbr.null     104.0000000000000  99.0000000000000  20.0000000000000   0.0000000000000  82.0000000000000  82.0000000000000  94.0000000000000
nbr.na         0.0000000000000   0.0000000000000   0.0000000000000   0.0000000000000   0.0000000000000   0.0000000000000   0.0000000000000
min            0.0000000000000   0.0000000000000   0.0000000000000   1.0000000000000   0.0000000000000   0.0000000000000   0.0000000000000
max            1.0000000000000   1.0000000000000   1.0000000000000   2.0000000000000   1.0000000000000   1.0000000000000   1.0000000000000
range          1.0000000000000   1.0000000000000   1.0000000000000   1.0000000000000   1.0000000000000   1.0000000000000   1.0000000000000
sum            2.0000000000000   7.0000000000000  86.0000000000000 141.0000000000000  24.0000000000000  24.0000000000000  12.0000000000000
median         0.0000000000000   0.0000000000000   1.0000000000000   1.0000000000000   0.0000000000000   0.0000000000000   0.0000000000000
mean           0.0188679245283   0.0660377358491   0.8113207547170   1.3301886792453   0.2264150943396   0.2264150943396   0.1132075471698
SE.mean        0.0132779537839   0.0242362878843   0.0381824426970   0.0458947154696   0.0408424731534   0.0408424731534   0.0309210359023
CI.mean.0.95   0.0263277295675   0.0480560817970   0.0757087305704   0.0910007428196   0.0809830795881   0.0809830795881   0.0613107022687
var            0.0186882300090   0.0622641509434   0.1545372866128   0.2232704402516   0.1768194070081   0.1768194070081   0.1013477088949
std.dev        0.1367049011886   0.2495278560470   0.3931123078877   0.4725150159006   0.4204989976303   0.4204989976303   0.3183515492264
coef.var       7.2453597629958   3.7785646772827   0.4845337748383   0.3552240545069   1.8572039062005   1.8572039062005   2.8121053515003
                             HHNW97            BMEA97            BFEA97       RPHEALTH97           SSAS97           THAS97           PFAS97
nbr.val             106.00000000000  106.000000000000  106.000000000000 106.000000000000 106.000000000000 106.000000000000 106.000000000000
nbr.null              0.00000000000    0.000000000000    0.000000000000   0.000000000000  74.000000000000  73.000000000000  55.000000000000
nbr.na                0.00000000000    0.000000000000    0.000000000000   0.000000000000   0.000000000000   0.000000000000   0.000000000000
min              -40000.00000000000    1.000000000000    3.000000000000   1.000000000000   0.000000000000   0.000000000000   0.000000000000
max              576500.00000000000   18.000000000000   19.000000000000   5.000000000000  10.000000000000  20.000000000000  20.000000000000
range            616500.00000000000   17.000000000000   16.000000000000   4.000000000000  10.000000000000  20.000000000000  20.000000000000
sum             4565407.00000000000 1213.000000000000 1176.000000000000 337.000000000000  70.000000000000 115.000000000000 164.000000000000
median             8375.00000000000   12.000000000000   12.000000000000   3.000000000000   0.000000000000   0.000000000000   0.000000000000
mean              43069.87735849056   11.443396226415   11.094339622642   3.179245283019   0.660377358491   1.084905660377   1.547169811321
SE.mean            8228.44028114223    0.260306056881    0.262179784371   0.107905960365   0.141793664836   0.276389871560   0.299184899115
CI.mean.0.95      16315.47706895922    0.516138825444    0.519854080931   0.213957586346   0.281150644365   0.548030058852   0.593228387654
var          7176966322.79433917999    7.182479784367    7.286253369272   1.234231805930   2.131176999102   8.097484276730   9.488230008985
std.dev           84716.97777183945    2.680014885102    2.699306090326   1.110959857929   1.459855129491   2.845607892302   3.080297065055
coef.var              1.96696584638    0.234197508508    0.243304800659   0.349441379645   2.210637767515   2.622908144208   1.990923712779
                        LFS97           ABFS97           RTGAS97           RDFAS97           PPSM97           PPDR97           PPIG97           PPID97
nbr.val      106.000000000000  106.00000000000 106.0000000000000 106.0000000000000 106.000000000000 106.000000000000 106.000000000000 106.000000000000
nbr.null      45.000000000000   16.00000000000   0.0000000000000   0.0000000000000   0.000000000000   0.000000000000   0.000000000000   0.000000000000
nbr.na         0.000000000000    0.00000000000   0.0000000000000   0.0000000000000   0.000000000000   0.000000000000   0.000000000000   0.000000000000
min            0.000000000000    0.00000000000   1.0000000000000   1.0000000000000   1.000000000000   1.000000000000   1.000000000000   1.000000000000
max           60.000000000000   90.00000000000   4.0000000000000   4.0000000000000   5.000000000000   5.000000000000   5.000000000000   5.000000000000
range         60.000000000000   90.00000000000   3.0000000000000   3.0000000000000   4.000000000000   4.000000000000   4.000000000000   4.000000000000
sum          467.000000000000 1021.00000000000 289.0000000000000 293.0000000000000 318.000000000000 254.000000000000 223.000000000000 283.000000000000
median         1.000000000000    4.00000000000   3.0000000000000   3.0000000000000   3.000000000000   2.000000000000   2.000000000000   2.000000000000
mean           4.405660377358    9.63207547170   2.7264150943396   2.7641509433962   3.000000000000   2.396226415094   2.103773584906   2.669811320755
SE.mean        0.898014011449    1.42927456462   0.0799067503116   0.0810442701695   0.143752807699   0.134504678678   0.131293410420   0.147894293443
CI.mean.0.95   1.780595897984    2.83398743718   0.1584403249972   0.1606958167456   0.285035262757   0.266697931280   0.260330579528   0.293247063945
var           85.481491464510  216.53953279425   0.6768194070081   0.6962264150943   2.190476190476   1.917699910153   1.827223719677   2.318508535490
std.dev        9.245620123308   14.71528228728   0.8226903469764   0.8344018307113   1.480025739802   1.384810423904   1.351748393628   1.522664945249
coef.var       2.098577586875    1.52773743629   0.3017480165380   0.3018655087215   0.493341913267   0.577913011550   0.642535110873   0.570326799280
                       PPHS97              JIJF         NMI_B18          NMI_A18           NA_B18           NA_A18 B18_INCAF B18_ARREST B18_NOARREST
nbr.val      106.000000000000 106.0000000000000 106.00000000000  106.00000000000 106.000000000000 106.000000000000       106        106          106
nbr.null       0.000000000000  92.0000000000000   0.00000000000   25.00000000000   0.000000000000  26.000000000000         0        106          106
nbr.na         0.000000000000   0.0000000000000   0.00000000000    0.00000000000   0.000000000000   0.000000000000         0          0            0
min            1.000000000000   0.0000000000000   1.00000000000    0.00000000000   1.000000000000   0.000000000000         1          0            0
max            5.000000000000   1.0000000000000  42.00000000000  192.00000000000  17.000000000000  30.000000000000         1          0            0
range          4.000000000000   1.0000000000000  41.00000000000  192.00000000000  16.000000000000  30.000000000000         0          0            0
sum          333.000000000000  14.0000000000000 687.00000000000 3439.00000000000 445.000000000000 470.000000000000       106          0            0
median         3.000000000000   0.0000000000000   3.00000000000   16.00000000000   3.000000000000   2.000000000000         1          0            0
mean           3.141509433962   0.1320754716981   6.48113207547   32.44339622642   4.198113207547   4.433962264151         1          0            0
SE.mean        0.136992913193   0.0330413221046   0.78293009813    4.27866014641   0.338704208887   0.558688437787         0          0            0
CI.mean.0.95   0.271631640681   0.0655148381353   1.55240575689    8.48379268968   0.671587878680   1.107775967736         0          0            0
var            1.989308176101   0.1157232704403  64.97583108715 1940.53486073675  12.160377358491  33.086073674753         0          0            0
std.dev        1.410428366171   0.3401812317578   8.06075871659   44.05150236640   3.487173261897   5.752049519498         0          0            0
coef.var       0.448965185628   2.5756578975947   1.24372696355    1.35779565305   0.830652507328   1.297270742695         0        NaN          NaN
             Years_Till_Victim       VVictim_A18           Other_R           distance weights subclass
nbr.val       106.000000000000 106.0000000000000 106.0000000000000 106.00000000000000     106       NA
nbr.null        0.000000000000  83.0000000000000  96.0000000000000   0.00000000000000       0       NA
nbr.na          0.000000000000   0.0000000000000   0.0000000000000   0.00000000000000       0       NA
min             1.000000000000   0.0000000000000   0.0000000000000   0.00145033141509       1       NA
max            16.000000000000   1.0000000000000   1.0000000000000   0.96687670305953       1       NA
range          15.000000000000   1.0000000000000   1.0000000000000   0.96542637164444       0       NA
sum          1240.000000000000  23.0000000000000  10.0000000000000  16.67713362605616     106       NA
median         12.500000000000   0.0000000000000   0.0000000000000   0.03420280101192       1       NA
mean           11.698113207547   0.2169811320755   0.0943396226415   0.15733144930242       1       NA
SE.mean         0.341543931582   0.0402255924694   0.0285256206045   0.02686208207279       0       NA
CI.mean.0.95    0.677218524213   0.0797599191457   0.0565610362290   0.05326254661986       0       NA
var            12.365139263252   0.1715184186882   0.0862533692722   0.07648657404824       0       NA
std.dev         3.516409996467   0.4141478222667   0.2936892392857   0.27656206183828       0       NA
coef.var        0.300596338408   1.9086812678377   3.1131059364289   1.75783076469781       0       NA
